time,x,y,z,phi,theta,psi,x_velocity,y_velocity,z_velocity,phi_velocity,theta_velocity,psi_velocity,rotor_speed1,rotor_speed2,rotor_speed3,rotor_speed4
0.06,7.11284133102e-08,1.47245974581e-07,10.0069687491,0.000134335604276,6.28309130758,0.0,7.84280420259e-06,1.34879908201e-05,0.23227255453,0.00637811009024,-0.00490036284523,0.0,477.4161891917314,477.04224808266326,476.58235974249163,477.0694795436373
0.12000000000000001,3.75705072769e-06,5.48510132745e-06,10.0257942011,0.000329888576696,6.28234479086,0.0,0.000164445652579,0.000197591063775,0.395199592429,-0.00385098193834,-0.0351493032468,0.0,458.59319687079335,456.18459790840535,456.0304139257286,455.212689072032
0.18,3.77780822606e-05,2.31263644571e-05,10.0514081616,0.000283929111453,6.27995257127,0.0,0.00118476765286,0.000377665456263,0.458574977408,0.00478318280121,-0.0515512585048,0.0,426.081031935282,424.6757303403463,424.8478086714805,425.5873646734304
0.23999999999999996,0.000182419418506,5.22714135575e-05,10.0805716145,0.000537216083059,6.27660689968,0.0,0.00394180872496,0.00061960497861,0.513515293392,0.00307356791731,-0.065890580159,0.0,423.577368063093,422.3402474663177,422.306012553841,422.1584661373383
0.3,0.00059331417944,0.000103051328106,10.1175659027,0.000700065582909,6.27237727747,0.0,0.0102329938106,0.00109344389937,0.719516517875,0.0019854197456,-0.0818047360617,0.0,469.85934232441355,468.6205056921519,470.0860999595134,470.0017295067273
0.36000000000000004,0.00145075136028,0.00018365494351,10.1638680235,0.000798626203587,6.2676135454,0.0,0.0188433924007,0.00160446921676,0.823811430929,0.000948172891706,-0.0749693053447,0.0,439.4666394391074,440.02762648187087,437.9441827660741,437.8578761503269
0.4200000000000001,0.00292821324958,0.000297088422408,10.2168264224,0.000456493303402,6.26253968605,0.0,0.0308845242576,0.00216722028443,0.941370279246,-0.0243270524849,-0.12278152675,0.0,445.38770033420917,441.4533234304222,443.9632096121236,441.88486998643447
0.48000000000000015,0.00520802884088,0.000430645932678,10.2750367399,6.28196227694,6.2547886486,0.0,0.0458271442986,0.00213564917203,0.998907777511,-0.03656976687,-0.146764984735,0.0,425.5993894564116,423.52527956959364,424.3294947457374,423.2770594573122
0.5400000000000001,0.00865391312413,0.00052137640152,10.3404975439,6.27925221059,6.24607358265,0.0,0.0700327134862,0.000621864514316,1.18291384362,-0.0740809890582,-0.142386587601,0.0,463.69059107377484,464.0156079143496,465.450531395275,462.50439904855983
0.6000000000000002,0.0135010322422,0.000479502368191,10.4104790187,6.27491447143,6.23745962805,0.0,0.0922449843316,-0.00237889654996,1.14980479734,-0.0689465818038,-0.1460324141,0.0,393.3395133254233,392.9795591580252,394.6517046905283,395.12051379800675
0.6600000000000003,0.0202909500873,9.72782257903e-05,10.4882989725,6.2705273441,6.22857455007,0.0,0.135222715391,-0.0109132766526,1.44380546348,-0.0831356940163,-0.152536276354,0.0,496.60674652684196,496.11139913422744,496.68169649834493,495.63646280262446
0.7200000000000003,0.0293994101691,-0.000796673643239,10.5749233328,6.26611717234,6.21919852195,0.0,0.169198475368,-0.0192898296626,1.44361780843,-0.0590720463949,-0.165015757792,0.0,406.64285821549043,405.4976633403265,405.5989916594622,407.74919391327865
0.7800000000000004,0.0409231021105,-0.00232294135524,10.6646932711,6.26259267402,6.20911713437,0.0,0.215940032631,-0.0319450071124,1.54849571791,-0.0580891570239,-0.174831557166,0.0,441.7980889975428,440.96073582817246,440.7119780560648,440.79076169881824
0.8400000000000004,0.055595049439,-0.00471843620303,10.7624857024,6.25909065497,6.19930858204,0.0,0.274227561249,-0.0482864697378,1.71091878409,-0.0589282679752,-0.147167508293,0.0,458.78213823495037,460.9480298709363,458.9238173892604,458.85496102637217
0.9000000000000005,0.0738873533516,-0.0081467308732,10.8689362523,6.25548940223,6.1906276949,0.0,0.336423084595,-0.0663606052629,1.83713692449,-0.0622998354829,-0.140127929947,0.0,449.49533845687307,450.04609418951566,448.2783330947734,448.0017793541216
0.9600000000000005,0.0959520464631,-0.0126937634418,10.9814207179,6.25185403041,6.18222195749,0.0,0.399877636981,-0.0855632232361,1.91211949851,-0.0573727039211,-0.140031163764,0.0,433.55911008645194,433.5484605677218,432.9808162332782,433.39239242727905
1.0200000000000005,0.122805827578,-0.0187162262618,11.1063155236,6.24907656163,6.17445457473,0.0,0.496282069291,-0.115580231422,2.25028496091,-0.030259853817,-0.113980630458,0.0,510.9282869140999,512.7686994954719,510.7890536852992,512.7176723123521
1.0800000000000005,0.15534589877,-0.0265135148119,11.2487037849,6.24731497395,6.16721004534,0.0,0.589185942973,-0.144528708142,2.49535514044,-0.027618119766,-0.13980600515,0.0,487.5845368796912,485.6391595320452,487.62847893056363,487.8255964706047
1.1400000000000006,0.192841835438,-0.0358434485651,11.3989520142,6.24577204919,6.15877439892,0.0,0.661420640728,-0.166607295876,2.51275935179,-0.0221588741342,-0.14221687285,0.0,418.0091625412396,417.77925354015656,417.74818903561516,418.22377335876774
1.2000000000000006,0.235621811353,-0.0467615757039,11.5565161773,6.24443571622,6.14984005315,0.0,0.765547954807,-0.197465516382,2.73868187534,-0.022499846287,-0.16765483652,0.0,484.2390005717997,482.30223401836906,483.4182259319895,483.3925535268556
1.2600000000000007,0.283608057905,-0.0592003626318,11.7183106314,6.2428900795,6.13982549492,0.0,0.834758909944,-0.217271501061,2.65452763869,-0.0332428452271,-0.16546042278,0.0,384.9463908657492,385.12264988966245,384.05312300678906,383.03252244737314
1.3200000000000007,0.336709017531,-0.0730781571664,11.8805920609,6.24061318324,6.13044124506,0.0,0.936201051113,-0.245520361806,2.75441286901,-0.0495807804394,-0.142648276051,0.0,444.8481284216922,446.68867181479544,448.1616894055148,446.8310223451538
1.3800000000000008,0.396690000161,-0.0888688492159,12.0527362237,6.23726438491,6.12240737825,0.0,1.06405074781,-0.281179433132,2.98291167955,-0.0727425653398,-0.120500752733,0.0,485.4317436497672,487.075661303255,487.5720840997311,485.83660172734204
1.4400000000000008,0.464294676068,-0.106819136856,12.2371245332,6.23310085165,6.11622124611,0.0,1.19007847513,-0.317616583272,3.16266036264,-0.0634191705365,-0.0811993347351,0.0,472.9645980132137,475.9724945638818,472.6812719487217,473.39586264369535
1.5000000000000009,0.538680762236,-0.126775832579,12.426903217,6.22916861467,6.11147015261,0.0,1.28984524761,-0.347938262209,3.16314600279,-0.0701486651249,-0.0754352532301,0.0,417.32174198341585,417.8191132154063,419.2834888207932,418.6949218204045
1.560000000000001,0.61954389999,-0.148751593189,12.6190577961,6.22513447583,6.106626122,0.0,1.40597547848,-0.384974308668,3.24160663283,-0.0619698276544,-0.0942834999375,0.0,443.89233678203226,442.3373810630613,445.0881877390141,445.7536796501735
1.620000000000001,0.707669529058,-0.173093225978,12.817011049,6.22156140742,6.10183577362,0.0,1.53197524309,-0.42676386384,3.35629253849,-0.0551081253102,-0.0604846542175,0.0,455.25096337663814,457.9419929884132,456.2742584415237,456.81934787552603
1.680000000000001,0.80395485129,-0.200188609345,13.0245999074,6.21812463322,6.09860411134,0.0,1.67776563715,-0.476763327442,3.56249835014,-0.0620185015135,-0.0431285793981,0.0,485.1726234643686,486.47227395209666,485.0357103863751,484.51446330655614
1.740000000000001,0.908779086724,-0.230271099034,13.2430826876,6.21452477676,6.09635036841,0.0,1.81648531504,-0.52634880335,3.71956892656,-0.0562361422588,-0.0282717684948,0.0,472.24261470456577,473.38665315210096,471.7105393823881,472.15455784859296
1.8000000000000012,1.02087597607,-0.263009829265,13.4652374055,6.21099963694,6.09464480013,0.0,1.92017891505,-0.565229120699,3.68557981659,-0.0643279990186,-0.0287366270449,0.0,413.0608056752518,413.0195171369452,411.8894299030908,411.17036771156694
1.8600000000000012,1.14032855861,-0.298566446177,13.6911657609,6.20752223847,6.09235794674,0.0,2.06160223272,-0.62034784655,3.84464297255,-0.0475613569371,-0.0737326932941,0.0,475.66301066501546,472.20327355949337,474.28580723411955,475.56969546702857
1.9200000000000013,1.26773346083,-0.337274374528,13.9236066573,6.2046767703,6.08794538493,0.0,2.18554100913,-0.670163183592,3.90296269179,-0.0471521802984,-0.0731655967869,0.0,444.46889363998673,444.5111650077063,444.9272442137277,444.95939290625466
1.9800000000000013,1.40249443291,-0.378964200877,14.1587436687,6.20164935922,6.08360852245,0.0,2.30679382098,-0.719746341645,3.93460517044,-0.0580539800952,-0.0705690698991,0.0,437.95758903784724,438.1694001392555,436.3774918449711,435.46471181798944
2.0400000000000014,1.54465912835,-0.423711427072,14.3960509944,6.19780121727,6.07968932261,0.0,2.43229414029,-0.772142127517,3.97525966777,-0.0804845308339,-0.0564805520522,0.0,440.34854388525906,441.50929804639645,441.3393928040434,439.48069071609206
2.1000000000000014,1.6945794972,-0.471748859978,14.636577948,6.19253914595,6.07635724099,0.0,2.5652331109,-0.829554863903,4.04181121931,-0.108804776596,-0.0537077872729,0.0,449.6284732981338,449.8510329035578,451.06970252777097,448.7698656389966
2.1600000000000015,1.85361957952,-0.523815636713,14.8862408147,6.18654549385,6.07308655067,0.0,2.73619830953,-0.906660459391,4.27903048573,-0.0863040881013,-0.0561687830359,0.0,503.6130613596499,503.43340793035134,500.32819602090126,501.95620563101465
2.2200000000000015,2.02239499698,-0.580382785673,15.1473599789,6.18125413514,6.06937364569,0.0,2.88979121265,-0.979402563289,4.42403257433,-0.0922518246951,-0.076873738829,0.0,478.5076430388566,476.92606575634744,478.0661270199726,477.6067812050405
2.2800000000000016,2.20012485488,-0.641274554677,15.4156282053,6.17599633862,6.06476292722,0.0,3.03480153562,-1.0508031166,4.51749543588,-0.079704006336,-0.0767885403223,0.0,464.2215624809138,464.2238500354557,463.1592479527548,464.1390995731422
2.3400000000000016,2.38639477841,-0.706438974875,15.6884027836,6.17110492861,6.06028932426,0.0,3.17445209317,-1.12175711427,4.57439955564,-0.0854336433393,-0.0704412204721,0.0,453.8761494057296,454.38112028258416,454.1364646233292,453.6713405110683
2.4000000000000017,2.58101618076,-0.775908524395,15.9641393399,6.16591076215,6.05602835756,0.0,3.31315037651,-1.19433220794,4.61628398289,-0.0889420242279,-0.0721907736939,0.0,450.36385968955943,450.21851057132295,450.82388207566476,450.53418705005515
2.4600000000000017,2.78331781551,-0.849473114239,16.2393408757,6.16031788848,6.05182777224,0.0,3.43049781183,-1.25825887468,4.55704141323,-0.103524430191,-0.0659721943378,0.0,417.7956919736986,418.3335380193709,418.48551406345786,417.20593830003986
2.520000000000002,2.99309480071,-0.927168060073,16.5125889054,6.15401684433,6.04782703496,0.0,3.56226975237,-1.33209114886,4.55088918206,-0.108181457002,-0.0681305741658,0.0,435.6794924957508,435.4955498553646,436.90509408664684,436.5067137798682
2.580000000000002,3.21125130862,-1.00963311687,16.7871814151,6.14750667557,6.04408584718,0.0,3.70976557447,-1.41730003262,4.6015538999,-0.109152822549,-0.0527694007426,0.0,454.62384623521194,455.85040687513526,455.6706109647599,455.5828899061671
2.640000000000002,3.43728608361,-1.09676764712,17.0606508377,6.14110008904,6.04102345278,0.0,3.82489036777,-1.48769950794,4.51415690166,-0.102406809361,-0.0477888525012,0.0,410.0000155923736,410.44046060246814,410.2822933605567,410.869865745229
2.700000000000002,3.67135241405,-1.18885885435,17.333258952,6.1349246854,6.03787831628,0.0,3.97735666105,-1.58253106029,4.57210399591,-0.103976228885,-0.0638155376304,0.0,459.7484649835673,458.4749012323841,459.0408134622335,458.90739867242866
2.760000000000002,3.91425443298,-1.28655303575,17.6079230454,6.12833567691,6.03435036243,0.0,4.11950099083,-1.67446880863,4.58288000474,-0.125260361106,-0.0502941139138,0.0,444.709233800789,445.8131434441355,446.2237398710159,444.4715804545749
2.820000000000002,4.16609953733,-1.39011878386,17.8846679958,6.12023995207,6.03136376936,0.0,4.27534628148,-1.77837198696,4.6411935842,-0.174127569548,-0.0487613587309,0.0,461.4778824860465,461.5974251733454,463.83656888495915,459.96409048614214
2.880000000000002,4.42605093153,-1.49927733456,18.1599907668,6.10964699679,6.02804514325,0.0,4.38984284111,-1.86104714099,4.53626901489,-0.181886617369,-0.0735028375474,0.0,410.041515877045,407.8345487016693,408.2517280483737,407.52547500060854
2.940000000000002,4.6936333673,-1.61404395969,18.4317472499,6.09895885,6.02337799364,0.0,4.52975480725,-1.96538064186,4.52173960009,-0.171537060026,-0.088128470382,0.0,439.6396045390091,438.42086543678704,440.187995282858,441.0127750001772
3.000000000000002,4.96958611617,-1.73519764873,18.7022797005,6.08895183486,6.01886808322,0.0,4.6688755277,-2.0738829629,4.49550106473,-0.158668618876,-0.0572147831945,0.0,435.3122627732823,437.8869856786952,437.1287099607031,438.1727607352445
3.0600000000000023,5.25350697465,-1.86272765176,18.9696600584,6.07919468663,6.0149901665,0.0,4.7952844713,-2.17787036667,4.41698823994,-0.171985991104,-0.0867021747172,0.0,421.9075734786522,419.34967309493845,420.2874048055922,419.1042107856007
3.1200000000000023,5.54516457776,-1.99673833003,19.2326960077,6.06913887864,6.00948077018,0.0,4.92688784399,-2.28993657798,4.35051307152,-0.160022383977,-0.104779985318,0.0,425.8993530741248,424.34229952950255,424.31771075273247,425.3153291711292
3.1800000000000024,5.84602993419,-2.13858002883,19.4960132059,6.05903689514,6.00286770944,0.0,5.1022109218,-2.43889370445,4.42547321386,-0.195522722579,-0.124235899642,0.0,473.86780286403973,472.35937846306314,474.0197225644451,471.25665762495726
3.2400000000000024,6.15656574651,-2.28882445246,19.76050999,6.04748949677,5.99510600656,0.0,5.24937681515,-2.57012910422,4.39032552186,-0.186946679205,-0.142328212075,0.0,440.72494576928847,439.2109143979433,438.89120485579025,439.5659313690999
3.3000000000000025,6.47587193657,-2.44700155576,20.0222680272,6.03634131257,5.98674710834,0.0,5.39462135004,-2.70325751963,4.33423205556,-0.183612001427,-0.133888541418,0.0,433.9402055538139,434.6296904784497,433.9944725804271,434.2399401955597
3.3600000000000025,6.80353630533,-2.61297319329,20.2791111748,6.02530953663,5.97859270591,0.0,5.52795941709,-2.82992338844,4.2267829484,-0.184368784461,-0.140278514701,0.0,417.93904145344203,417.3631806264368,417.6518456307332,417.55067879238953
3.4200000000000026,7.14034704369,-2.78756449067,20.5326505816,6.01424050705,5.97031050839,0.0,5.69944754804,-2.99058055012,4.22338388292,-0.184714548732,-0.133897047096,0.0,454.67095194339237,455.16483851690367,455.1871804758594,455.1273900102607
3.4800000000000026,7.48681613902,-2.9713754603,20.7836663483,6.00294464119,5.96228671727,0.0,5.84989889223,-3.13724405199,4.14310153141,-0.196511387571,-0.133397904953,0.0,431.03967853224617,431.064787602862,431.6830870668364,430.6503855426068
3.5400000000000027,7.84315232732,-3.16478845018,21.0319209432,5.99121580584,5.95476852821,0.0,6.02824882042,-3.31068018054,4.13083187681,-0.193497978608,-0.112698466423,0.0,455.17799246739685,456.8177475339527,456.8268632320714,457.0309693317288
3.6000000000000028,8.20981372534,-3.36841542203,21.2780139222,5.97993408223,5.94772769681,0.0,6.19401460477,-3.4776870522,4.07134273045,-0.178885169246,-0.128792935632,0.0,443.8139770835168,442.47809614126083,442.18194245354476,443.3496992905718
3.660000000000003,8.5859144519,-3.58174322746,21.5188366412,5.96916570564,5.94037151989,0.0,6.34298031042,-3.63399396561,3.95546588818,-0.180673335754,-0.112457655885,0.0,423.54404965158943,424.9324381741533,425.74803832720994,425.5622981382032
3.720000000000003,8.97133484337,-3.80488648683,21.7534485709,5.95805600774,5.93356923704,0.0,6.5045618781,-3.80487642459,3.86411846682,-0.196107124957,-0.115262679371,0.0,436.0101542760043,435.7639620786714,435.61692255419916,434.289671571064
3.780000000000003,9.36530947912,-4.03740429973,21.9793579824,5.94640628637,5.92655689686,0.0,6.62824049732,-3.94656248749,3.66602061535,-0.190536532597,-0.120299881036,0.0,397.5605591954192,397.0845696166622,396.4805997234566,396.9504599682998
3.840000000000003,9.76914877792,-4.28070817916,22.19934281,5.93471950479,5.91905885042,0.0,6.83314638772,-4.16428721863,3.6651748699,-0.204991326951,-0.136470622969,0.0,470.15924684432554,468.89091785601045,471.0303827961729,469.8759285955165
3.900000000000003,10.1846999867,-4.53668250048,22.4174609862,5.92199494927,5.91043897591,0.0,7.0187585211,-4.36896292277,3.60403510301,-0.232532936051,-0.164644570349,0.0,454.1782864688725,451.8928027423578,454.0768838900352,451.8169620294404
3.960000000000003,10.6115845067,-4.80523152675,22.6319676413,5.90871714354,5.90019305761,0.0,7.21102007087,-4.58345115462,3.54452740077,-0.205120944768,-0.187239473204,0.0,457.5971329213269,455.7667467272915,456.5478575997315,458.68251925748064
4.020000000000002,11.050242058,-5.08695350744,22.8429617897,5.89617954,5.88989647872,0.0,7.41120166152,-4.80793111094,3.48683226742,-0.218006754011,-0.151205611129,0.0,460.6029737791604,463.41644747631415,462.1395367482512,461.08100377368714
4.080000000000001,11.4990501934,-5.38054441753,23.0459060616,5.88300567144,5.88070277079,0.0,7.54941648009,-4.97928411577,3.27734660896,-0.222871023412,-0.157610567917,0.0,409.0687099189469,408.4733089725091,408.9760995642759,408.4900775437844
4.14,11.9580884593,-5.68629909898,23.2401636853,5.86996596233,5.87150274639,0.0,7.75198075557,-5.21322942367,3.19613241284,-0.208083828541,-0.145927482381,0.0,459.60713391981847,460.51102054127614,458.79811333538055,459.9257698800483
4.199999999999998,12.4281193798,-6.00514036671,23.4267310917,5.85732518366,5.86266093517,0.0,7.91591737158,-5.41557348177,3.02171025551,-0.216443687185,-0.150398530793,0.0,428.5215483726585,428.11990794949793,429.82822521488777,429.07336949244103
4.259999999999997,12.9083055802,-6.33653493648,23.6031757091,5.84423300861,5.8535975856,0.0,8.0904420556,-5.63165125208,2.85846698348,-0.221968944114,-0.152402194213,0.0,435.2424198392323,435.05262054216735,437.5625044631173,437.05412913081244
4.319999999999996,13.4009265664,-6.68283873915,23.7733560338,5.83140369821,5.84405014998,0.0,8.33014026617,-5.91231216201,2.81176300723,-0.201160989024,-0.178008660452,0.0,484.8859579410335,482.9354854022685,481.6304028486414,483.1604261249999
4.379999999999995,13.9032021799,-7.04169724048,23.9312672674,5.81957363863,5.8335900889,0.0,8.41294586681,-6.05063199044,2.45206335751,-0.190195343227,-0.167854895674,0.0,360.28764544352936,361.2762131260295,361.2236604819291,362.28044137631065
4.439999999999993,14.4135693335,-7.41184643374,24.0731672391,5.8079628033,5.82338879252,0.0,8.59941092601,-6.28825766133,2.27638072744,-0.201136755461,-0.174743972166,0.0,441.7082087087427,441.11152339905317,442.0493660102259,441.10954207078873
4.499999999999992,14.9349181838,-7.79615947927,24.2037948102,5.7964509857,5.81285550843,0.0,8.77902474895,-6.52278425845,2.07635988162,-0.177858421164,-0.177225120383,0.0,437.0435231216119,436.80633061892695,434.15222536269295,436.0643855315921
4.559999999999991,15.4671420458,-8.19472805155,24.3222387764,5.78524835238,5.80245497847,0.0,8.96187765411,-6.76339600937,1.87023282949,-0.217405203606,-0.166538370542,0.0,437.335410697452,438.1954854307214,439.24570521798745,435.9160843852082
4.6199999999999894,16.0105398962,-8.60802687713,24.4283091642,5.77233133112,5.79310199829,0.0,9.15134907252,-7.01386283238,1.66369238644,-0.211353259209,-0.140322528246,0.0,441.4694881722977,443.6044398923636,441.20533448361175,441.65876177682696
4.679999999999988,16.5651566924,-9.03636142346,24.5214194223,5.75996376114,5.78430969891,0.0,9.33577371715,-7.26462634898,1.43834551726,-0.197327680554,-0.1633822932,0.0,439.5429875712144,437.60605114090396,438.8326800383401,439.9533448497284
4.739999999999987,17.1325107437,-9.48141878361,24.6033402594,5.74917226149,5.77425677033,0.0,9.57570860695,-7.57090966053,1.28981144048,-0.157908931449,-0.177538615681,0.0,475.2499079917035,474.13812142080894,473.6054625413182,476.59823797881097
4.799999999999986,17.7125952041,-9.94344235872,24.6733782204,5.73995689003,5.76328590539,0.0,9.76044308888,-7.83038459363,1.04308256647,-0.146119117261,-0.19641623795,0.0,442.01196808181396,440.4197495172609,441.2268365281827,442.1769751098707
4.859999999999984,18.3029506649,-10.4203989175,24.7270477843,5.73102929692,5.7516983686,0.0,9.91823824794,-8.06881755068,0.744518537396,-0.154755897795,-0.18725392579,0.0,423.393310861931,424.14277979280985,424.1850124488742,423.4202954920192
4.919999999999983,18.9053186482,-10.9140366234,24.7661415809,5.72209587925,5.74056618103,0.0,10.1603500638,-8.38594502322,0.555975942106,-0.139190851252,-0.182310326411,0.0,474.34090273979166,474.68952466591884,475.25982655889305,476.43239377148564
4.979999999999982,19.5233772227,-11.4278274189,24.7951231114,5.71431217053,5.73013644955,0.0,10.4409597709,-8.74033916544,0.406959164182,-0.115498410169,-0.160757841251,0.0,497.64355765577045,499.1933928796076,496.92777811515833,498.64833931821386
5.0399999999999805,20.1569419497,-11.9618324358,24.8129272121,5.70735613975,5.71999125607,0.0,10.6773909326,-9.06008080976,0.18409378827,-0.116818415136,-0.19614602497,0.0,478.21742455668425,475.4865181692073,475.9938258594422,475.8817128594819
